123
1 Folder root 8 1 null (2 3 4 )(5 )
2 Folder 1 1 1 1 ()()
3 Folder 2 1 1 1 ()()
4 Folder 3 1 1 1 ()()
123
123
123
123
123
123
123
123
123
123
123
123
123
123
123
123
123
123
123
123
123
123
123
123
123
123
123
123
123
123
123
123
123
123
123
123
123
123
123
123
123
123
123
123
123
123
123
123
123
123
123
123
123
123
123
123
123
123
123
123
123
123
123
123
123
123
123
123
123
123
123
123
123
123
123
123
123
123
123
123
123
123
123
123
123
123
123
123
123
123
123
123
123
123
123
123
123
123
123
123
123
123
123
123
123
123
123
123
123
123
123
123
123
123
123
123
123
123
123
123
123
5 File 12345 4 123 1 2 2

1 Folder root 9 1 null (2 3 4 5 )(6 )
2 Folder 1 1 1 1 ()()
3 Folder 2 1 1 1 ()()
4 Folder 3 1 1 1 ()()
5 Folder 4 1 123 1 ()()
6 File 123 4 123 1 2 2

